Temperature (K)	Pressure (MPa)	Quality (l+v)	Internal Energy (l+v, kJ/kg)	Enthalpy (l+v, kJ/kg)	Entropy (l+v, J/g*K)	Density (l, kg/m3)	Volume (l, m3/kg)	Internal Energy (l, kJ/kg)	Enthalpy (l, kJ/kg)	Entropy (l, J/g*K)	Cv (l, J/g*K)	Cp (l, J/g*K)	Sound Spd. (l, m/s)	Joule-Thomson (l, K/MPa)	Viscosity (l, Pa*s)	Therm. Cond. (l, W/m*K)	Density (v, kg/m3)	Volume (v, m3/kg)	Internal Energy (v, kJ/kg)	Enthalpy (v, kJ/kg)	Entropy (v, J/g*K)	Cv (v, J/g*K)	Cp (v, J/g*K)	Sound Spd. (v, m/s)	Joule-Thomson (v, K/MPa)	Viscosity (v, Pa*s)	Therm. Cond. (v, W/m*K)
273.16	0.092437	undefined	2448.2	3575.5	52.507	0.082000	12.195	2448.2	3575.5	52.507	10.071	14.197	1261.0	-0.24732	8.3772e-06	0.17345	0.082000	12.195	2448.2	3575.5	52.507	10.071	14.197	1261.0	-0.24732	8.3772e-06	0.17345
278.16	0.094130	undefined	2498.7	3646.6	52.690	0.082000	12.195	2498.7	3646.6	52.690	10.096	14.223	1272.0	-0.25864	8.4830e-06	0.17598	0.082000	12.195	2498.7	3646.6	52.690	10.096	14.223	1272.0	-0.25864	8.4830e-06	0.17598
283.16	0.095822	undefined	2549.2	3717.8	52.870	0.082000	12.195	2549.2	3717.8	52.870	10.119	14.246	1283.0	-0.26948	8.5882e-06	0.17847	0.082000	12.195	2549.2	3717.8	52.870	10.119	14.246	1283.0	-0.26948	8.5882e-06	0.17847
288.16	0.097515	undefined	2599.9	3789.1	53.047	0.082000	12.195	2599.9	3789.1	53.047	10.141	14.268	1293.9	-0.27987	8.6929e-06	0.18095	0.082000	12.195	2599.9	3789.1	53.047	10.141	14.268	1293.9	-0.27987	8.6929e-06	0.18095
293.16	0.099207	undefined	2650.6	3860.5	53.222	0.082000	12.195	2650.6	3860.5	53.222	10.161	14.288	1304.7	-0.28984	8.7970e-06	0.18339	0.082000	12.195	2650.6	3860.5	53.222	10.161	14.288	1304.7	-0.28984	8.7970e-06	0.18339
298.16	0.10090	undefined	2701.5	3931.9	53.394	0.082000	12.195	2701.5	3931.9	53.394	10.180	14.306	1315.4	-0.29942	8.9005e-06	0.18581	0.082000	12.195	2701.5	3931.9	53.394	10.180	14.306	1315.4	-0.29942	8.9005e-06	0.18581
303.16	0.10259	undefined	2752.4	4003.5	53.563	0.082000	12.195	2752.4	4003.5	53.563	10.197	14.324	1326.1	-0.30862	9.0035e-06	0.18821	0.082000	12.195	2752.4	4003.5	53.563	10.197	14.324	1326.1	-0.30862	9.0035e-06	0.18821
308.16	0.10428	undefined	2803.4	4075.2	53.730	0.082000	12.195	2803.4	4075.2	53.730	10.213	14.339	1336.7	-0.31748	9.1060e-06	0.19059	0.082000	12.195	2803.4	4075.2	53.730	10.213	14.339	1336.7	-0.31748	9.1060e-06	0.19059
313.16	0.10598	undefined	2854.5	4146.9	53.895	0.082000	12.195	2854.5	4146.9	53.895	10.228	14.354	1347.2	-0.32601	9.2080e-06	0.19295	0.082000	12.195	2854.5	4146.9	53.895	10.228	14.354	1347.2	-0.32601	9.2080e-06	0.19295
318.16	0.10767	undefined	2905.7	4218.7	54.057	0.082000	12.195	2905.7	4218.7	54.057	10.241	14.367	1357.6	-0.33422	9.3094e-06	0.19528	0.082000	12.195	2905.7	4218.7	54.057	10.241	14.367	1357.6	-0.33422	9.3094e-06	0.19528
323.16	0.10936	undefined	2956.9	4290.6	54.217	0.082000	12.195	2956.9	4290.6	54.217	10.254	14.380	1368.0	-0.34214	9.4104e-06	0.19759	0.082000	12.195	2956.9	4290.6	54.217	10.254	14.380	1368.0	-0.34214	9.4104e-06	0.19759
328.16	0.11105	undefined	3008.2	4362.6	54.374	0.082000	12.195	3008.2	4362.6	54.374	10.265	14.391	1378.4	-0.34978	9.5109e-06	0.19989	0.082000	12.195	3008.2	4362.6	54.374	10.265	14.391	1378.4	-0.34978	9.5109e-06	0.19989
333.16	0.11275	undefined	3059.6	4434.5	54.529	0.082000	12.195	3059.6	4434.5	54.529	10.276	14.402	1388.6	-0.35715	9.6110e-06	0.20217	0.082000	12.195	3059.6	4434.5	54.529	10.276	14.402	1388.6	-0.35715	9.6110e-06	0.20217
338.16	0.11444	undefined	3111.0	4506.6	54.682	0.082000	12.195	3111.0	4506.6	54.682	10.285	14.411	1398.8	-0.36427	9.7106e-06	0.20443	0.082000	12.195	3111.0	4506.6	54.682	10.285	14.411	1398.8	-0.36427	9.7106e-06	0.20443
343.16	0.11613	undefined	3162.4	4578.7	54.834	0.082000	12.195	3162.4	4578.7	54.834	10.294	14.420	1408.9	-0.37115	9.8097e-06	0.20667	0.082000	12.195	3162.4	4578.7	54.834	10.294	14.420	1408.9	-0.37115	9.8097e-06	0.20667
348.16	0.11782	undefined	3213.9	4650.8	54.982	0.082000	12.195	3213.9	4650.8	54.982	10.302	14.428	1419.0	-0.37780	9.9085e-06	0.20889	0.082000	12.195	3213.9	4650.8	54.982	10.302	14.428	1419.0	-0.37780	9.9085e-06	0.20889
353.16	0.11952	undefined	3265.5	4723.0	55.129	0.082000	12.195	3265.5	4723.0	55.129	10.310	14.435	1429.0	-0.38423	1.0007e-05	0.21110	0.082000	12.195	3265.5	4723.0	55.129	10.310	14.435	1429.0	-0.38423	1.0007e-05	0.21110
358.16	0.12121	undefined	3317.0	4795.2	55.274	0.082000	12.195	3317.0	4795.2	55.274	10.316	14.442	1439.0	-0.39045	1.0105e-05	0.21330	0.082000	12.195	3317.0	4795.2	55.274	10.316	14.442	1439.0	-0.39045	1.0105e-05	0.21330
363.16	0.12290	undefined	3368.6	4867.4	55.417	0.082000	12.195	3368.6	4867.4	55.417	10.323	14.448	1448.9	-0.39648	1.0202e-05	0.21548	0.082000	12.195	3368.6	4867.4	55.417	10.323	14.448	1448.9	-0.39648	1.0202e-05	0.21548
368.16	0.12459	undefined	3420.3	4939.7	55.559	0.082000	12.195	3420.3	4939.7	55.559	10.328	14.454	1458.7	-0.40231	1.0299e-05	0.21764	0.082000	12.195	3420.3	4939.7	55.559	10.328	14.454	1458.7	-0.40231	1.0299e-05	0.21764
373.16	0.12629	undefined	3471.9	5012.0	55.698	0.082000	12.195	3471.9	5012.0	55.698	10.333	14.459	1468.4	-0.40796	1.0396e-05	0.21980	0.082000	12.195	3471.9	5012.0	55.698	10.333	14.459	1468.4	-0.40796	1.0396e-05	0.21980
378.16	0.12798	undefined	3523.6	5084.3	55.836	0.082000	12.195	3523.6	5084.3	55.836	10.338	14.464	1478.2	-0.41344	1.0492e-05	0.22193	0.082000	12.195	3523.6	5084.3	55.836	10.338	14.464	1478.2	-0.41344	1.0492e-05	0.22193
383.16	0.12967	undefined	3575.3	5156.6	55.971	0.082000	12.195	3575.3	5156.6	55.971	10.342	14.468	1487.8	-0.41874	1.0588e-05	0.22406	0.082000	12.195	3575.3	5156.6	55.971	10.342	14.468	1487.8	-0.41874	1.0588e-05	0.22406
388.16	0.13136	undefined	3627.0	5229.0	56.106	0.082000	12.195	3627.0	5229.0	56.106	10.346	14.472	1497.4	-0.42389	1.0684e-05	0.22617	0.082000	12.195	3627.0	5229.0	56.106	10.346	14.472	1497.4	-0.42389	1.0684e-05	0.22617
393.16	0.13306	undefined	3678.7	5301.4	56.238	0.082000	12.195	3678.7	5301.4	56.238	10.350	14.475	1506.9	-0.42888	1.0779e-05	0.22828	0.082000	12.195	3678.7	5301.4	56.238	10.350	14.475	1506.9	-0.42888	1.0779e-05	0.22828
398.16	0.13475	undefined	3730.5	5373.8	56.369	0.082000	12.195	3730.5	5373.8	56.369	10.353	14.479	1516.4	-0.43372	1.0874e-05	0.23037	0.082000	12.195	3730.5	5373.8	56.369	10.353	14.479	1516.4	-0.43372	1.0874e-05	0.23037
403.16	0.13644	undefined	3782.3	5446.2	56.498	0.082000	12.195	3782.3	5446.2	56.498	10.356	14.482	1525.9	-0.43842	1.0968e-05	0.23245	0.082000	12.195	3782.3	5446.2	56.498	10.356	14.482	1525.9	-0.43842	1.0968e-05	0.23245
408.16	0.13813	undefined	3834.1	5518.6	56.626	0.082000	12.195	3834.1	5518.6	56.626	10.359	14.484	1535.2	-0.44298	1.1063e-05	0.23452	0.082000	12.195	3834.1	5518.6	56.626	10.359	14.484	1535.2	-0.44298	1.1063e-05	0.23452
413.16	0.13982	undefined	3885.9	5591.0	56.752	0.082000	12.195	3885.9	5591.0	56.752	10.361	14.487	1544.6	-0.44741	1.1156e-05	0.23658	0.082000	12.195	3885.9	5591.0	56.752	10.361	14.487	1544.6	-0.44741	1.1156e-05	0.23658
418.16	0.14152	undefined	3937.7	5663.5	56.876	0.082000	12.195	3937.7	5663.5	56.876	10.364	14.489	1553.8	-0.45171	1.1250e-05	0.23863	0.082000	12.195	3937.7	5663.5	56.876	10.364	14.489	1553.8	-0.45171	1.1250e-05	0.23863
423.16	0.14321	undefined	3989.5	5736.0	57.000	0.082000	12.195	3989.5	5736.0	57.000	10.366	14.491	1563.0	-0.45589	1.1343e-05	0.24067	0.082000	12.195	3989.5	5736.0	57.000	10.366	14.491	1563.0	-0.45589	1.1343e-05	0.24067
